RNG type: 0
Param 10
21.8935,21.9361,22.0733,22.2268,22.3005,
Param 1000
22.6110,22.6479,22.5947,22.5779,22.6521,
Param 100000
29.3041,29.4142,29.4148,29.3343,29.4621,
Param 10000000
29.7756,29.7091,29.8290,29.7505,29.7495,
Param 1000000000
31.7818,31.7663,31.7266,31.7549,31.8680,
RNG type: 2
Param 0.6
33.2223,33.1695,33.1693,33.1914,33.1678,
Param 0.8
31.8321,31.9627,31.7999,31.9805,31.9019,
Param 1
27.1500,27.5937,27.4688,27.5940,27.4058,
Param 1.2
25.4671,25.0993,24.9366,24.8049,25.4381,
Param 1.5
26.1126,27.5042,27.5669,26.0649,26.5391,
RNG type: 3
Param 0.00001
29.1035,29.1888,29.2430,29.3247,29.3108,
Param 0.00002
29.2531,29.2502,29.3127,29.2288,29.2683,
Param 0.00005
26.1273,26.1871,26.0525,26.1140,26.0785,
Param 0.00007
25.1643,25.2191,25.2401,25.2240,25.2152,
Param 0.0001
24.5343,24.5181,24.4609,24.4446,24.4949,
