In-memory:
29,0.3807,0.4039,0.3949,0.3806,0.3813,
30,1.5520,1.5934,1.5760,1.5708,1.5703,
31,4.3900,4.3463,4.4351,4.3193,4.3509,
32,11.3497,11.2675,11.3022,11.2501,11.2117,
33,26.6047,26.6478,26.2166,26.3602,26.5388,
34,58.6100,59.2076,58.5113,59.6137,58.6473,
External-memory:
29,1.4538,1.4541,1.4332,1.4588,1.4429,
30,2.2527,2.2937,2.1642,2.1635,2.1931,
31,3.9660,3.6325,3.5380,4.0846,3.7516,
32,6.6263,7.1519,6.4016,6.8043,6.6756,
33,12.3089,12.4808,12.4462,12.4276,12.4304,
34,24.7479,
35,44.9466,
36,87.3668,
37,177.7123,
38,470.3350,
39,1202.9696,
40,2854.7395,
