RNG type: 0
30,1.1742,
31,2.9947,
32,6.1770,
33,12.2054,
34,26.3507,
RNG type: 2
30,1.1274,
31,3.1396,
32,6.1966,
33,13.2518,
34,27.3104,
RNG type: 3
30,1.3340,
31,3.4806,
32,6.9895,
33,14.6990,
34,31.0224,
RNG type: 0
30,2.8144,2.8165,2.7930,2.7282,2.8136,
31,4.8422,4.9296,4.8581,4.9640,4.9964,
32,9.3824,9.4507,9.3406,9.4758,9.3855,
33,17.2940,17.3383,17.4989,17.3476,17.2644,
34,33.5464,
35,67.9547,
36,141.6034,
37,346.9382,
38,787.2215,
39,1911.8130,
40,4509.1247,
RNG type: 2
30,2.4009,2.3999,2.4093,
31,4.1269,4.1496,4.1137,
32,7.2694,7.3708,7.3066,
33,14.2184,14.2500,13.6042,
34,29.5694,
35,60.6499,
36,127.3085,
37,302.6646,
38,727.2671,
39,1657.9718,
40,3966.7989,
RNG type: 3
30,2.5438,2.4776,2.4706,
31,4.2013,4.2139,4.2155,
32,7.1540,7.1845,7.2340,
33,13.9156,13.8412,13.7063,
34,27.7365,
35,57.1939,
36,121.5710,
37,280.2304,
38,713.5651,
39,1771.8990,
40,4062.0844,
