Type: 0
1,39.7562,Type: 0
Type: 0
4,33.6197,Type: 0
4,33.3251,Type: 0
2,Type: 0
2,114.3250,136.3338,64.1081,
4,42.3285,43.9526,33.9019,
8,33.2282,33.1484,33.1971,
16,33.2923,33.1520,33.3528,
30,33.3359,33.4058,33.3957,
Type: 2
2,71.5485,129.3594,69.1794,
4,43.3564,32.8870,32.0758,
8,32.2540,32.0690,31.8479,
16,32.8532,31.2160,31.4673,
30,31.6075,31.6166,31.6014,
Type: 3
2,70.3074,137.2309,64.2465,
4,36.7925,27.5602,34.0675,
8,23.0049,22.3720,22.0369,
16,22.0275,22.8332,23.4506,
30,24.3356,23.4710,23.2871,
