Type: 3
Param: 0.00001
1,169.0047,172.1606,168.1419,
2,64.9917,55.0242,52.0569,
4,29.7687,29.8303,30.1476,
8,28.2000,34.0701,33.8586,
16,28.2313,28.9066,28.9667,
30,28.2602,28.3894,28.3348,
Param: 0.00002
1,192.6702,187.4136,171.6852,
2,70.5460,62.7074,58.5536,
4,28.8429,28.6630,28.8532,
8,28.2950,35.5812,35.5343,
16,34.8198,28.5972,29.0841,
30,28.3591,28.3976,28.2425,
Param: 0.00005
1,215.3739,171.6001,164.6515,
2,75.3577,70.8600,55.8921,
4,28.8387,28.6314,28.6596,
8,28.4072,35.3104,35.1744,
16,28.1942,29.0205,28.7150,
30,28.8186,28.2383,28.1525,
Param: 0.00007
1,233.4313,198.7982,164.1708,
2,70.8335,58.4648,53.1608,
4,28.9278,28.6792,28.7015,
8,27.6931,34.7770,34.8585,
16,27.9394,28.5377,28.7346,
30,27.8705,28.1523,28.1344,
Param: 0.0001
1,214.5445,177.4504,164.9661,
2,73.9070,66.9875,58.2876,
4,29.2202,29.3824,34.8092,
8,28.0877,34.1057,34.2238,
16,35.0442,29.4886,29.2940,
30,28.2390,28.1429,27.8756,
