RNG type: 0
30,1.1742,
31,2.9947,
32,6.1770,
33,12.2054,
34,26.3507,
RNG type: 2
30,1.1274,
31,3.1396,
32,6.1966,
33,13.2518,
34,27.3104,
RNG type: 3
30,1.3340,
31,3.4806,
32,6.9895,
33,14.6990,
34,31.0224,
RNG type: 0
30,2.8144,2.8165,2.7930,2.7282,2.8136,
31,4.8422,4.9296,4.8581,4.9640,4.9964,
32,9.3824,9.4507,9.3406,9.4758,9.3855,
33,17.2940,17.3383,17.4989,17.3476,17.2644,
34,33.5464,
35,67.9547,
36,141.6034,
37,346.9382,
38,787.2215,
39,1911.8130,
40,4509.1247,
RNG type: 2
30,12.4211,2.5445,2.5024,2.5894,2.5053,
31,4.4821,4.3029,4.3701,4.2492,4.3415,
32,7.7567,7.6393,7.5782,7.6463,7.7406,
33,15.0298,15.0375,14.9609,14.9882,14.9916,
34,32.3252,
35,0.6883,
36,0.6741,
37,0.6800,
38,0.6819,
39,0.6808,
40,0.6740,
RNG type: 3
30,2.4116,2.4507,2.4273,2.3802,2.4424,
31,4.2941,4.2173,4.1170,4.0885,4.0887,
32,7.8691,7.6299,7.5151,7.4760,7.5534,
33,14.4540,14.5262,14.4590,14.6014,14.3807,
34,28.3738,
35,0.6890,
36,0.6763,
37,0.6816,
38,0.6829,
39,0.6777,
40,0.6763,
