Type: 0
Param: 10
1,169.4907,180.5585,191.6768,204.2064,216.6912,
2,51.4148,56.0585,55.3102,58.5549,59.2865,
4,37.5266,27.9458,30.5031,33.5642,28.7613,
8,22.9744,32.7970,32.8335,32.9712,32.9493,
16,23.7476,26.1664,26.2804,25.9152,26.3818,
30,24.7967,22.8248,22.5402,23.0882,22.9486,
Param: 1000
1,195.0196,181.1995,188.7004,199.9330,209.0085,
2,60.8387,54.7203,54.8060,54.7240,58.8615,
4,37.5530,30.1427,29.9122,31.3134,30.7876,
8,28.1120,33.0298,33.4527,33.6498,32.5052,
16,28.3011,28.3433,28.3380,28.3980,28.4078,
30,28.2866,28.1253,28.2132,28.2955,28.2606,
Param: 100000
1,192.7673,205.4296,215.7405,165.1947,172.6741,
2,77.7082,61.7144,64.6755,69.8452,73.3342,
4,39.8642,29.2625,30.8985,29.4786,30.0421,
8,27.7002,34.6010,35.0569,34.7713,34.5021,
16,30.0146,27.5582,27.6443,27.5089,27.5146,
30,27.7732,27.4333,27.5600,27.5311,27.5641,
Param: 10000000
1,207.4548,217.4851,203.0553,203.7260,207.5873,
2,88.1039,77.6050,71.3880,75.1765,80.4692,
4,40.9871,30.0016,29.4484,32.0836,30.3329,
8,30.3128,33.8676,35.5782,34.0092,34.7451,
16,30.4447,30.2283,29.4413,29.4927,30.1561,
30,30.6164,30.3776,30.3719,30.3418,29.8921,
Param: 1000000000
1,204.5109,215.8966,173.6352,182.7327,188.9939,
2,82.0856,64.8225,60.0220,61.6402,65.2120,
4,39.8674,33.1379,32.5117,32.4800,32.4873,
8,32.0586,37.9644,37.9277,37.6100,36.7161,
16,32.3689,32.8365,32.6028,32.9035,32.7550,
30,32.4210,32.2992,32.4324,32.1667,32.2598,
Type: 2
Param: 0.6
1,212.5826,179.7347,192.5965,205.9220,215.0481,
2,75.8530,70.4331,58.3909,59.3061,62.3226,
4,33.4805,35.2758,36.5655,35.4509,37.7754,
8,32.9989,38.3420,37.9564,38.0250,38.5910,
16,34.1973,33.9464,33.6022,33.4355,33.4410,
30,33.2625,33.4004,33.3505,33.3183,33.4690,
Param: 0.8
1,197.6648,207.5164,209.2046,211.9555,212.8549,
2,72.2635,62.7152,63.6297,66.7055,67.8816,
4,32.8933,35.4895,33.0278,36.7234,37.4740,
8,32.5989,39.0316,38.4986,39.6320,39.1829,
16,32.2522,32.7994,32.5253,32.6672,32.5283,
30,32.5232,32.2729,32.3106,32.2065,32.3329,
Param: 1
1,206.7888,203.1837,205.6605,205.7754,206.2321,
2,82.6972,73.4844,74.9692,77.9978,83.1025,
4,32.1181,32.1137,32.0850,36.4649,37.0334,
8,32.3935,37.4657,37.4038,37.7193,37.6908,
16,32.5252,32.5896,32.4191,32.5109,32.5902,
30,32.4390,31.9810,32.1155,32.2962,32.3239,
Param: 1.2
1,197.7307,198.7252,208.5041,194.5365,217.2070,
2,82.5756,72.0203,78.2879,82.8716,83.8828,
4,38.0835,27.1400,29.1966,31.2381,33.7562,
8,26.2319,33.3012,33.3171,33.0694,33.3938,
16,26.3539,27.5538,27.8174,27.3400,27.5721,
30,26.1611,25.8333,25.7066,25.7006,25.7650,
Param: 1.5
1,189.8319,203.8865,213.4587,215.2576,202.7418,
2,73.9088,56.5162,56.4544,58.1474,60.1346,
4,33.7049,27.3656,31.4550,29.7762,31.2555,
8,23.6867,32.2345,32.0765,32.7119,32.3976,
16,24.8229,27.2427,26.7276,26.5758,26.8319,
30,25.2023,24.0376,24.0261,24.1034,23.8327,
Type: 3
Param: 1
1,204.1952,193.8906,208.6013,220.0722,200.9436,
2,93.7492,101.7492,109.6471,82.5270,86.0525,
4,35.2744,30.1560,35.1029,34.0444,33.9409,
8,23.9332,31.4100,32.0085,30.9208,31.2909,
16,24.5722,28.0472,27.5150,27.2186,26.9286,
30,24.4164,24.0968,23.9448,23.9298,23.9457,
Param: 2
1,210.1477,180.2069,192.6247,203.2000,188.8781,
2,87.0665,69.3959,71.6362,76.5078,79.2263,
4,37.2705,28.0702,34.5201,32.1166,33.2187,
8,25.3280,32.2568,32.4162,32.2578,32.0800,
16,25.6483,27.9873,27.7441,27.9834,28.1365,
30,25.8398,24.2938,24.6586,24.2819,24.4590,
Param: 5
1,235.7763,197.0643,209.3179,216.1706,221.8293,
2,79.5738,74.3994,73.1776,74.5647,80.0096,
4,31.0527,30.0475,34.8849,32.8097,35.0220,
8,28.6277,35.3028,35.3971,35.3923,35.7562,
16,28.2904,29.9513,30.1138,30.1905,30.5679,
30,28.2822,28.4915,28.5193,28.5381,28.6685,
Param: 7
1,221.1547,196.7991,199.2482,207.0860,218.5816,
2,87.2735,92.4609,98.6632,104.7659,82.7210,
4,37.7996,32.2879,39.0836,31.8880,37.6242,
8,31.4037,39.1225,39.0199,39.0103,39.5033,
16,31.6939,31.5693,32.1814,32.3457,31.7280,
30,30.9487,31.0504,30.8256,30.9157,30.9408,
Param: 10
1,192.7550,190.9189,190.6493,197.7934,199.7508,
2,82.0140,81.9392,81.5002,79.7920,83.8134,
4,35.0449,33.9700,32.8055,36.4769,33.0210,
8,32.8361,39.9559,39.7725,40.5263,40.4756,
16,33.0659,33.7354,33.5144,33.7000,33.6537,
30,33.1311,32.8875,32.9375,32.8639,32.8508,
